# GIMP colorrc
# 
# This file holds a list of recently used colors.

(color-history
    (color-rgba 0 0 0 1)
    (color-rgba 1 1 1 1)
    (color-rgba 0.17409512400627136 0.11751163750886917 0.27739229798316956 1)
    (color-rgba 0.097938144329896892 0.012488756659517057 0.012488756659517057 1)
    (color-rgba 0.0051546391752577136 0.00010378468138102764 0.00010378468138102764 1)
    (color-rgba 0.010309278350515427 0.00020756936276205529 0.00020756936276205529 1)
    (color-rgba 0.5 0.5 0.5 1)
    (color-rgba 0.24313725490196078 0.24313725490196078 0.24313725490196078 1)
    (color-rgba 0.61176470588235299 0.81568627450980391 0.94117647058823528 1)
    (color-rgba 0.50196078431372548 0.50196078431372548 0.50196078431372548 1)
    (color-rgba 0.9695652173913043 0.52266729749352314 0 1)
    (color-rgba 0.96862745098039216 0.52156862745098043 0 1)
    (color-rgba 0.82608695652173914 0.022176831047563433 0.022176831047563433 1)
    (color-rgba 0.82745098039215681 0.023529411764705882 0.023529411764705882 1)
    (color-rgba 1 0 0 1)
    (color-rgba 0.0078431372549019607 0.11764705882352941 0.3411764705882353 1)
    (color-rgba 0.16078431372549021 0.25490196078431371 0.44705882352941179 1)
    (color-rgba 0.23529411764705882 0.023529411764705882 0.25882352941176473 1)
    (color-rgba 0.090196078431372548 0.0078431372549019607 0.10196078431372549 1)
    (color-rgba 0.27450980392156865 0.27450980392156865 0.27450980392156865 1)
    (color-rgba 0.7803921568627451 0.30588235294117649 0.82352941176470584 1)
    (color-rgba 0.054901960784313725 0.63921568627450975 0.96862745098039216 1)
    (color-rgba 0.015686274509803921 0.0078431372549019607 0.090196078431372548 1)
    (color-rgba 0.25882352941176473 0.25882352941176473 0.25882352941176473 1)
    (color-rgba 0.84705882352941175 0.10196078431372547 0.10196078431372547 1)
    (color-rgba 0.14117647058823529 0.2196078431372549 0.31764705882352939 1)
    (color-rgba 0.50196078431372548 0.4823529411764706 0.47058823529411764 1)
    (color-rgba 0.16078431372549021 0.13725490196078433 0.13725490196078433 1)
    (color-rgba 0.11764705882352941 0.094117647058823528 0.094117647058823528 1)
    (color-rgba 0.84705882352941175 0.59999999999999998 0.10196078431372549 1)
    (color-rgba 1 0.73333333333333328 0.19999999999999996 1)
    (color-rgba 0.0013422818791946291 0.20000000000000001 0.18471863706763034 1)
    (color-rgba 0.0039215686274509803 0.46274509803921571 0.42745098039215684 1)
    (color-rgba 0.0016778523489932862 0.25 0.2308982963345379 1)
    (color-rgba 0 0.94999999999999996 0.90000000000000002 1)
    (color-rgba 0.90196078431372551 0.90196078431372551 0.90196078431372551 1)
    (color-rgba 0.94901960784313721 0.94901960784313721 0.94901960784313721 1)
    (color-rgba 0.92549019607843142 0.3411764705882353 0.043137254901960784 1)
    (color-rgba 0.792156862745098 0 0 1)
    (color-rgba 1 0.46913580246913578 0 1)
    (color-rgba 0.79607843137254897 0.49019607843137253 0.098039215686274508 1)
    (color-rgba 0.90000000000000002 0.04500000000000004 0.90000000000000002 1)
    (color-rgba 0.91989026063100165 0.098765432098765427 1 1)
    (color-rgba 0.061403508771929814 0.32236842105263153 0.34999999999999998 1)
    (color-rgba 0.70555555555555571 0.25 0.75 1)
    (color-rgba 0.79012345679012341 0.69135802469135799 0.23045267489711935 1)
    (color-rgba 0.23529411764705882 0.62745098039215685 0.70588235294117652 1)
    (color-rgba 0.20392156862745098 0.78431372549019607 0.89803921568627454 1)
    (color-rgba 0.25490196078431371 0.25490196078431371 0.25490196078431371 1)
    (color-rgba 0.89411764705882357 0.14901960784313725 0.15294117647058825 1)
    (color-rgba 0.23529411764705882 0.23529411764705882 0.23529411764705882 1)
    (color-rgba 0.21568627450980393 0.60784313725490191 0.67843137254901964 1)
    (color-rgba 0.24313725490196078 0.63921568627450975 0.71999999999999997 1))

# end of colorrc
